*       h1              h2              h3              h4              h5              h6              h7              h8              h9              h10             h11             h12             h13             h14             h15             h16             h17             h18             h19             h20             h21             h22             h23             h24
        1               2               3               4               5               6               7               8               9               10              11              12              13              14              15              16              17              18              19              20              21              22              23              24
bs1     10.27935101     10.27935101     10.27935101     10.27935101     10.27935101     10.27935101     10.27935101     10.27935101     10.27935101     10.27935101     10.27935101     10.27935101     10.27935101     10.27935101     10.27935101     10.27935101     10.27935101     10.27935101     10.27935101     10.27935101     10.27935101     10.27935101     10.27935101     10.27935101
bs2     11.20298077     11.20298077     11.20298077     11.20298077     11.20298077     11.20298077     11.20298077     11.20298077     11.20298077     11.20298077     11.20298077     11.20298077     11.20298077     11.20298077     11.20298077     11.20298077     11.20298077     11.20298077     11.20298077     11.20298077     11.20298077     11.20298077     11.20298077     11.20298077
bs3     11.28359702     11.28359702     11.28359702     11.28359702     11.28359702     11.28359702     11.28359702     11.28359702     11.28359702     11.28359702     11.28359702     11.28359702     11.28359702     11.28359702     11.28359702     11.28359702     11.28359702     11.28359702     11.28359702     11.28359702     11.28359702     11.28359702     11.28359702     11.28359702
bs4     11.42971681     11.42971681     11.42971681     11.42971681     11.42971681     11.42971681     11.42971681     11.42971681     11.42971681     11.42971681     11.42971681     11.42971681     11.42971681     11.42971681     11.42971681     11.42971681     11.42971681     11.42971681     11.42971681     11.42971681     11.42971681     11.42971681     11.42971681     11.42971681
bs5     11.66158207     11.66158207     11.66158207     11.66158207     11.66158207     11.66158207     11.66158207     11.66158207     11.66158207     11.66158207     11.66158207     11.66158207     11.66158207     11.66158207     11.66158207     11.66158207     11.66158207     11.66158207     11.66158207     11.66158207     11.66158207     11.66158207     11.66158207     11.66158207
bs6     11.87883467     11.87883467     11.87883467     11.87883467     11.87883467     11.87883467     11.87883467     11.87883467     11.87883467     11.87883467     11.87883467     11.87883467     11.87883467     11.87883467     11.87883467     11.87883467     11.87883467     11.87883467     11.87883467     11.87883467     11.87883467     11.87883467     11.87883467     11.87883467
bs7     12.19208569     12.19208569     12.19208569     12.19208569     12.19208569     12.19208569     12.19208569     12.19208569     12.19208569     12.19208569     12.19208569     12.19208569     12.19208569     12.19208569     12.19208569     12.19208569     12.19208569     12.19208569     12.19208569     12.19208569     12.19208569     12.19208569     12.19208569     12.19208569
bs8     12.32358251     12.32358251     12.32358251     12.32358251     12.32358251     12.32358251     12.32358251     12.32358251     12.32358251     12.32358251     12.32358251     12.32358251     12.32358251     12.32358251     12.32358251     12.32358251     12.32358251     12.32358251     12.32358251     12.32358251     12.32358251     12.32358251     12.32358251     12.32358251
bs9     12.38050716     12.38050716     12.38050716     12.38050716     12.38050716     12.38050716     12.38050716     12.38050716     12.38050716     12.38050716     12.38050716     12.38050716     12.38050716     12.38050716     12.38050716     12.38050716     12.38050716     12.38050716     12.38050716     12.38050716     12.38050716     12.38050716     12.38050716     12.38050716
bs10    12.77225388     12.77225388     12.77225388     12.77225388     12.77225388     12.77225388     12.77225388     12.77225388     12.77225388     12.77225388     12.77225388     12.77225388     12.77225388     12.77225388     12.77225388     12.77225388     12.77225388     12.77225388     12.77225388     12.77225388     12.77225388     12.77225388     12.77225388     12.77225388
bs11    12.86905665     12.86905665     12.86905665     12.86905665     12.86905665     12.86905665     12.86905665     12.86905665     12.86905665     12.86905665     12.86905665     12.86905665     12.86905665     12.86905665     12.86905665     12.86905665     12.86905665     12.86905665     12.86905665     12.86905665     12.86905665     12.86905665     12.86905665     12.86905665
bs12    12.97182772     12.97182772     12.97182772     12.97182772     12.97182772     12.97182772     12.97182772     12.97182772     12.97182772     12.97182772     12.97182772     12.97182772     12.97182772     12.97182772     12.97182772     12.97182772     12.97182772     12.97182772     12.97182772     12.97182772     12.97182772     12.97182772     12.97182772     12.97182772
bs13    13.08055582     13.08055582     13.08055582     13.08055582     13.08055582     13.08055582     13.08055582     13.08055582     13.08055582     13.08055582     13.08055582     13.08055582     13.08055582     13.08055582     13.08055582     13.08055582     13.08055582     13.08055582     13.08055582     13.08055582     13.08055582     13.08055582     13.08055582     13.08055582
bs14    13.15940054     13.15940054     13.15940054     13.15940054     13.15940054     13.15940054     13.15940054     13.15940054     13.15940054     13.15940054     13.15940054     13.15940054     13.15940054     13.15940054     13.15940054     13.15940054     13.15940054     13.15940054     13.15940054     13.15940054     13.15940054     13.15940054     13.15940054     13.15940054
bs15    13.24018227     13.24018227     13.24018227     13.24018227     13.24018227     13.24018227     13.24018227     13.24018227     13.24018227     13.24018227     13.24018227     13.24018227     13.24018227     13.24018227     13.24018227     13.24018227     13.24018227     13.24018227     13.24018227     13.24018227     13.24018227     13.24018227     13.24018227     13.24018227
bs16    13.37786132     13.37786132     13.37786132     13.37786132     13.37786132     13.37786132     13.37786132     13.37786132     13.37786132     13.37786132     13.37786132     13.37786132     13.37786132     13.37786132     13.37786132     13.37786132     13.37786132     13.37786132     13.37786132     13.37786132     13.37786132     13.37786132     13.37786132     13.37786132
bs17    13.46600745     13.46600745     13.46600745     13.46600745     13.46600745     13.46600745     13.46600745     13.46600745     13.46600745     13.46600745     13.46600745     13.46600745     13.46600745     13.46600745     13.46600745     13.46600745     13.46600745     13.46600745     13.46600745     13.46600745     13.46600745     13.46600745     13.46600745     13.46600745
bs18    13.56660015     13.56660015     13.56660015     13.56660015     13.56660015     13.56660015     13.56660015     13.56660015     13.56660015     13.56660015     13.56660015     13.56660015     13.56660015     13.56660015     13.56660015     13.56660015     13.56660015     13.56660015     13.56660015     13.56660015     13.56660015     13.56660015     13.56660015     13.56660015
bs19    13.64039125     13.64039125     13.64039125     13.64039125     13.64039125     13.64039125     13.64039125     13.64039125     13.64039125     13.64039125     13.64039125     13.64039125     13.64039125     13.64039125     13.64039125     13.64039125     13.64039125     13.64039125     13.64039125     13.64039125     13.64039125     13.64039125     13.64039125     13.64039125
bs20    13.76560692     13.76560692     13.76560692     13.76560692     13.76560692     13.76560692     13.76560692     13.76560692     13.76560692     13.76560692     13.76560692     13.76560692     13.76560692     13.76560692     13.76560692     13.76560692     13.76560692     13.76560692     13.76560692     13.76560692     13.76560692     13.76560692     13.76560692     13.76560692
bs21    13.84854428     13.84854428     13.84854428     13.84854428     13.84854428     13.84854428     13.84854428     13.84854428     13.84854428     13.84854428     13.84854428     13.84854428     13.84854428     13.84854428     13.84854428     13.84854428     13.84854428     13.84854428     13.84854428     13.84854428     13.84854428     13.84854428     13.84854428     13.84854428
bs22    13.94460776     13.94460776     13.94460776     13.94460776     13.94460776     13.94460776     13.94460776     13.94460776     13.94460776     13.94460776     13.94460776     13.94460776     13.94460776     13.94460776     13.94460776     13.94460776     13.94460776     13.94460776     13.94460776     13.94460776     13.94460776     13.94460776     13.94460776     13.94460776
bs23    14.04254432     14.04254432     14.04254432     14.04254432     14.04254432     14.04254432     14.04254432     14.04254432     14.04254432     14.04254432     14.04254432     14.04254432     14.04254432     14.04254432     14.04254432     14.04254432     14.04254432     14.04254432     14.04254432     14.04254432     14.04254432     14.04254432     14.04254432     14.04254432
bs24    14.14531008     14.14531008     14.14531008     14.14531008     14.14531008     14.14531008     14.14531008     14.14531008     14.14531008     14.14531008     14.14531008     14.14531008     14.14531008     14.14531008     14.14531008     14.14531008     14.14531008     14.14531008     14.14531008     14.14531008     14.14531008     14.14531008     14.14531008     14.14531008
bs25    14.23291975     14.23291975     14.23291975     14.23291975     14.23291975     14.23291975     14.23291975     14.23291975     14.23291975     14.23291975     14.23291975     14.23291975     14.23291975     14.23291975     14.23291975     14.23291975     14.23291975     14.23291975     14.23291975     14.23291975     14.23291975     14.23291975     14.23291975     14.23291975
bs26    14.30437307     14.30437307     14.30437307     14.30437307     14.30437307     14.30437307     14.30437307     14.30437307     14.30437307     14.30437307     14.30437307     14.30437307     14.30437307     14.30437307     14.30437307     14.30437307     14.30437307     14.30437307     14.30437307     14.30437307     14.30437307     14.30437307     14.30437307     14.30437307
bs27    14.41544137     14.41544137     14.41544137     14.41544137     14.41544137     14.41544137     14.41544137     14.41544137     14.41544137     14.41544137     14.41544137     14.41544137     14.41544137     14.41544137     14.41544137     14.41544137     14.41544137     14.41544137     14.41544137     14.41544137     14.41544137     14.41544137     14.41544137     14.41544137
bs28    14.49196263     14.49196263     14.49196263     14.49196263     14.49196263     14.49196263     14.49196263     14.49196263     14.49196263     14.49196263     14.49196263     14.49196263     14.49196263     14.49196263     14.49196263     14.49196263     14.49196263     14.49196263     14.49196263     14.49196263     14.49196263     14.49196263     14.49196263     14.49196263
bs29    14.62405965     14.62405965     14.62405965     14.62405965     14.62405965     14.62405965     14.62405965     14.62405965     14.62405965     14.62405965     14.62405965     14.62405965     14.62405965     14.62405965     14.62405965     14.62405965     14.62405965     14.62405965     14.62405965     14.62405965     14.62405965     14.62405965     14.62405965     14.62405965
bs30    14.69260652     14.69260652     14.69260652     14.69260652     14.69260652     14.69260652     14.69260652     14.69260652     14.69260652     14.69260652     14.69260652     14.69260652     14.69260652     14.69260652     14.69260652     14.69260652     14.69260652     14.69260652     14.69260652     14.69260652     14.69260652     14.69260652     14.69260652     14.69260652
bs31    14.82349237     14.82349237     14.82349237     14.82349237     14.82349237     14.82349237     14.82349237     14.82349237     14.82349237     14.82349237     14.82349237     14.82349237     14.82349237     14.82349237     14.82349237     14.82349237     14.82349237     14.82349237     14.82349237     14.82349237     14.82349237     14.82349237     14.82349237     14.82349237
bs32    14.91272297     14.91272297     14.91272297     14.91272297     14.91272297     14.91272297     14.91272297     14.91272297     14.91272297     14.91272297     14.91272297     14.91272297     14.91272297     14.91272297     14.91272297     14.91272297     14.91272297     14.91272297     14.91272297     14.91272297     14.91272297     14.91272297     14.91272297     14.91272297
bs33    14.99939459     14.99939459     14.99939459     14.99939459     14.99939459     14.99939459     14.99939459     14.99939459     14.99939459     14.99939459     14.99939459     14.99939459     14.99939459     14.99939459     14.99939459     14.99939459     14.99939459     14.99939459     14.99939459     14.99939459     14.99939459     14.99939459     14.99939459     14.99939459
bs34    15.10318621     15.10318621     15.10318621     15.10318621     15.10318621     15.10318621     15.10318621     15.10318621     15.10318621     15.10318621     15.10318621     15.10318621     15.10318621     15.10318621     15.10318621     15.10318621     15.10318621     15.10318621     15.10318621     15.10318621     15.10318621     15.10318621     15.10318621     15.10318621
bs35    15.17178319     15.17178319     15.17178319     15.17178319     15.17178319     15.17178319     15.17178319     15.17178319     15.17178319     15.17178319     15.17178319     15.17178319     15.17178319     15.17178319     15.17178319     15.17178319     15.17178319     15.17178319     15.17178319     15.17178319     15.17178319     15.17178319     15.17178319     15.17178319
bs36    15.28957923     15.28957923     15.28957923     15.28957923     15.28957923     15.28957923     15.28957923     15.28957923     15.28957923     15.28957923     15.28957923     15.28957923     15.28957923     15.28957923     15.28957923     15.28957923     15.28957923     15.28957923     15.28957923     15.28957923     15.28957923     15.28957923     15.28957923     15.28957923
bs37    15.36122928     15.36122928     15.36122928     15.36122928     15.36122928     15.36122928     15.36122928     15.36122928     15.36122928     15.36122928     15.36122928     15.36122928     15.36122928     15.36122928     15.36122928     15.36122928     15.36122928     15.36122928     15.36122928     15.36122928     15.36122928     15.36122928     15.36122928     15.36122928
bs38    15.46838777     15.46838777     15.46838777     15.46838777     15.46838777     15.46838777     15.46838777     15.46838777     15.46838777     15.46838777     15.46838777     15.46838777     15.46838777     15.46838777     15.46838777     15.46838777     15.46838777     15.46838777     15.46838777     15.46838777     15.46838777     15.46838777     15.46838777     15.46838777
bs39    15.59314        15.59314        15.59314        15.59314        15.59314        15.59314        15.59314        15.59314        15.59314        15.59314        15.59314        15.59314        15.59314        15.59314        15.59314        15.59314        15.59314        15.59314        15.59314        15.59314        15.59314        15.59314        15.59314        15.59314
bs40    15.66055        15.66055        15.66055        15.66055        15.66055        15.66055        15.66055        15.66055        15.66055        15.66055        15.66055        15.66055        15.66055        15.66055        15.66055        15.66055        15.66055        15.66055        15.66055        15.66055        15.66055        15.66055        15.66055        15.66055
bs41    15.76567043     15.76567043     15.76567043     15.76567043     15.76567043     15.76567043     15.76567043     15.76567043     15.76567043     15.76567043     15.76567043     15.76567043     15.76567043     15.76567043     15.76567043     15.76567043     15.76567043     15.76567043     15.76567043     15.76567043     15.76567043     15.76567043     15.76567043     15.76567043
bs42    15.87100908     15.87100908     15.87100908     15.87100908     15.87100908     15.87100908     15.87100908     15.87100908     15.87100908     15.87100908     15.87100908     15.87100908     15.87100908     15.87100908     15.87100908     15.87100908     15.87100908     15.87100908     15.87100908     15.87100908     15.87100908     15.87100908     15.87100908     15.87100908
bs43    15.95877359     15.95877359     15.95877359     15.95877359     15.95877359     15.95877359     15.95877359     15.95877359     15.95877359     15.95877359     15.95877359     15.95877359     15.95877359     15.95877359     15.95877359     15.95877359     15.95877359     15.95877359     15.95877359     15.95877359     15.95877359     15.95877359     15.95877359     15.95877359
bs44    16.04901881     16.04901881     16.04901881     16.04901881     16.04901881     16.04901881     16.04901881     16.04901881     16.04901881     16.04901881     16.04901881     16.04901881     16.04901881     16.04901881     16.04901881     16.04901881     16.04901881     16.04901881     16.04901881     16.04901881     16.04901881     16.04901881     16.04901881     16.04901881
bs45    16.13715559     16.13715559     16.13715559     16.13715559     16.13715559     16.13715559     16.13715559     16.13715559     16.13715559     16.13715559     16.13715559     16.13715559     16.13715559     16.13715559     16.13715559     16.13715559     16.13715559     16.13715559     16.13715559     16.13715559     16.13715559     16.13715559     16.13715559     16.13715559
bs46    16.23673623     16.23673623     16.23673623     16.23673623     16.23673623     16.23673623     16.23673623     16.23673623     16.23673623     16.23673623     16.23673623     16.23673623     16.23673623     16.23673623     16.23673623     16.23673623     16.23673623     16.23673623     16.23673623     16.23673623     16.23673623     16.23673623     16.23673623     16.23673623
bs47    16.33396187     16.33396187     16.33396187     16.33396187     16.33396187     16.33396187     16.33396187     16.33396187     16.33396187     16.33396187     16.33396187     16.33396187     16.33396187     16.33396187     16.33396187     16.33396187     16.33396187     16.33396187     16.33396187     16.33396187     16.33396187     16.33396187     16.33396187     16.33396187
bs48    16.41672019     16.41672019     16.41672019     16.41672019     16.41672019     16.41672019     16.41672019     16.41672019     16.41672019     16.41672019     16.41672019     16.41672019     16.41672019     16.41672019     16.41672019     16.41672019     16.41672019     16.41672019     16.41672019     16.41672019     16.41672019     16.41672019     16.41672019     16.41672019
bs49    16.54243989     16.54243989     16.54243989     16.54243989     16.54243989     16.54243989     16.54243989     16.54243989     16.54243989     16.54243989     16.54243989     16.54243989     16.54243989     16.54243989     16.54243989     16.54243989     16.54243989     16.54243989     16.54243989     16.54243989     16.54243989     16.54243989     16.54243989     16.54243989
bs50    16.63078255     16.63078255     16.63078255     16.63078255     16.63078255     16.63078255     16.63078255     16.63078255     16.63078255     16.63078255     16.63078255     16.63078255     16.63078255     16.63078255     16.63078255     16.63078255     16.63078255     16.63078255     16.63078255     16.63078255     16.63078255     16.63078255     16.63078255     16.63078255
bs51    16.71352897     16.71352897     16.71352897     16.71352897     16.71352897     16.71352897     16.71352897     16.71352897     16.71352897     16.71352897     16.71352897     16.71352897     16.71352897     16.71352897     16.71352897     16.71352897     16.71352897     16.71352897     16.71352897     16.71352897     16.71352897     16.71352897     16.71352897     16.71352897
bs52    16.8324079      16.8324079      16.8324079      16.8324079      16.8324079      16.8324079      16.8324079      16.8324079      16.8324079      16.8324079      16.8324079      16.8324079      16.8324079      16.8324079      16.8324079      16.8324079      16.8324079      16.8324079      16.8324079      16.8324079      16.8324079      16.8324079      16.8324079      16.8324079
bs53    16.91134433     16.91134433     16.91134433     16.91134433     16.91134433     16.91134433     16.91134433     16.91134433     16.91134433     16.91134433     16.91134433     16.91134433     16.91134433     16.91134433     16.91134433     16.91134433     16.91134433     16.91134433     16.91134433     16.91134433     16.91134433     16.91134433     16.91134433     16.91134433
bs54    17.01335423     17.01335423     17.01335423     17.01335423     17.01335423     17.01335423     17.01335423     17.01335423     17.01335423     17.01335423     17.01335423     17.01335423     17.01335423     17.01335423     17.01335423     17.01335423     17.01335423     17.01335423     17.01335423     17.01335423     17.01335423     17.01335423     17.01335423     17.01335423
bs55    17.08851491     17.08851491     17.08851491     17.08851491     17.08851491     17.08851491     17.08851491     17.08851491     17.08851491     17.08851491     17.08851491     17.08851491     17.08851491     17.08851491     17.08851491     17.08851491     17.08851491     17.08851491     17.08851491     17.08851491     17.08851491     17.08851491     17.08851491     17.08851491
bs56    17.20731313     17.20731313     17.20731313     17.20731313     17.20731313     17.20731313     17.20731313     17.20731313     17.20731313     17.20731313     17.20731313     17.20731313     17.20731313     17.20731313     17.20731313     17.20731313     17.20731313     17.20731313     17.20731313     17.20731313     17.20731313     17.20731313     17.20731313     17.20731313
bs57    17.2840242      17.2840242      17.2840242      17.2840242      17.2840242      17.2840242      17.2840242      17.2840242      17.2840242      17.2840242      17.2840242      17.2840242      17.2840242      17.2840242      17.2840242      17.2840242      17.2840242      17.2840242      17.2840242      17.2840242      17.2840242      17.2840242      17.2840242      17.2840242
bs58    17.40697931     17.40697931     17.40697931     17.40697931     17.40697931     17.40697931     17.40697931     17.40697931     17.40697931     17.40697931     17.40697931     17.40697931     17.40697931     17.40697931     17.40697931     17.40697931     17.40697931     17.40697931     17.40697931     17.40697931     17.40697931     17.40697931     17.40697931     17.40697931
bs59    17.49834032     17.49834032     17.49834032     17.49834032     17.49834032     17.49834032     17.49834032     17.49834032     17.49834032     17.49834032     17.49834032     17.49834032     17.49834032     17.49834032     17.49834032     17.49834032     17.49834032     17.49834032     17.49834032     17.49834032     17.49834032     17.49834032     17.49834032     17.49834032
bs60    17.58239371     17.58239371     17.58239371     17.58239371     17.58239371     17.58239371     17.58239371     17.58239371     17.58239371     17.58239371     17.58239371     17.58239371     17.58239371     17.58239371     17.58239371     17.58239371     17.58239371     17.58239371     17.58239371     17.58239371     17.58239371     17.58239371     17.58239371     17.58239371
bs61    17.66716891     17.66716891     17.66716891     17.66716891     17.66716891     17.66716891     17.66716891     17.66716891     17.66716891     17.66716891     17.66716891     17.66716891     17.66716891     17.66716891     17.66716891     17.66716891     17.66716891     17.66716891     17.66716891     17.66716891     17.66716891     17.66716891     17.66716891     17.66716891
bs62    17.7632766      17.7632766      17.7632766      17.7632766      17.7632766      17.7632766      17.7632766      17.7632766      17.7632766      17.7632766      17.7632766      17.7632766      17.7632766      17.7632766      17.7632766      17.7632766      17.7632766      17.7632766      17.7632766      17.7632766      17.7632766      17.7632766      17.7632766      17.7632766
bs63    17.86425538     17.86425538     17.86425538     17.86425538     17.86425538     17.86425538     17.86425538     17.86425538     17.86425538     17.86425538     17.86425538     17.86425538     17.86425538     17.86425538     17.86425538     17.86425538     17.86425538     17.86425538     17.86425538     17.86425538     17.86425538     17.86425538     17.86425538     17.86425538
bs64    17.9423266      17.9423266      17.9423266      17.9423266      17.9423266      17.9423266      17.9423266      17.9423266      17.9423266      17.9423266      17.9423266      17.9423266      17.9423266      17.9423266      17.9423266      17.9423266      17.9423266      17.9423266      17.9423266      17.9423266      17.9423266      17.9423266      17.9423266      17.9423266
bs65    18.07625668     18.07625668     18.07625668     18.07625668     18.07625668     18.07625668     18.07625668     18.07625668     18.07625668     18.07625668     18.07625668     18.07625668     18.07625668     18.07625668     18.07625668     18.07625668     18.07625668     18.07625668     18.07625668     18.07625668     18.07625668     18.07625668     18.07625668     18.07625668
bs66    18.14931542     18.14931542     18.14931542     18.14931542     18.14931542     18.14931542     18.14931542     18.14931542     18.14931542     18.14931542     18.14931542     18.14931542     18.14931542     18.14931542     18.14931542     18.14931542     18.14931542     18.14931542     18.14931542     18.14931542     18.14931542     18.14931542     18.14931542     18.14931542
bs67    18.2221299      18.2221299      18.2221299      18.2221299      18.2221299      18.2221299      18.2221299      18.2221299      18.2221299      18.2221299      18.2221299      18.2221299      18.2221299      18.2221299      18.2221299      18.2221299      18.2221299      18.2221299      18.2221299      18.2221299      18.2221299      18.2221299      18.2221299      18.2221299
bs68    18.35057117     18.35057117     18.35057117     18.35057117     18.35057117     18.35057117     18.35057117     18.35057117     18.35057117     18.35057117     18.35057117     18.35057117     18.35057117     18.35057117     18.35057117     18.35057117     18.35057117     18.35057117     18.35057117     18.35057117     18.35057117     18.35057117     18.35057117     18.35057117
bs69    18.44379486     18.44379486     18.44379486     18.44379486     18.44379486     18.44379486     18.44379486     18.44379486     18.44379486     18.44379486     18.44379486     18.44379486     18.44379486     18.44379486     18.44379486     18.44379486     18.44379486     18.44379486     18.44379486     18.44379486     18.44379486     18.44379486     18.44379486     18.44379486
bs70    18.51969598     18.51969598     18.51969598     18.51969598     18.51969598     18.51969598     18.51969598     18.51969598     18.51969598     18.51969598     18.51969598     18.51969598     18.51969598     18.51969598     18.51969598     18.51969598     18.51969598     18.51969598     18.51969598     18.51969598     18.51969598     18.51969598     18.51969598     18.51969598
bs71    18.6263084      18.6263084      18.6263084      18.6263084      18.6263084      18.6263084      18.6263084      18.6263084      18.6263084      18.6263084      18.6263084      18.6263084      18.6263084      18.6263084      18.6263084      18.6263084      18.6263084      18.6263084      18.6263084      18.6263084      18.6263084      18.6263084      18.6263084      18.6263084
bs72    18.70152333     18.70152333     18.70152333     18.70152333     18.70152333     18.70152333     18.70152333     18.70152333     18.70152333     18.70152333     18.70152333     18.70152333     18.70152333     18.70152333     18.70152333     18.70152333     18.70152333     18.70152333     18.70152333     18.70152333     18.70152333     18.70152333     18.70152333     18.70152333
bs73    18.79588587     18.79588587     18.79588587     18.79588587     18.79588587     18.79588587     18.79588587     18.79588587     18.79588587     18.79588587     18.79588587     18.79588587     18.79588587     18.79588587     18.79588587     18.79588587     18.79588587     18.79588587     18.79588587     18.79588587     18.79588587     18.79588587     18.79588587     18.79588587
bs74    18.88500874     18.88500874     18.88500874     18.88500874     18.88500874     18.88500874     18.88500874     18.88500874     18.88500874     18.88500874     18.88500874     18.88500874     18.88500874     18.88500874     18.88500874     18.88500874     18.88500874     18.88500874     18.88500874     18.88500874     18.88500874     18.88500874     18.88500874     18.88500874
bs75    18.98347393     18.98347393     18.98347393     18.98347393     18.98347393     18.98347393     18.98347393     18.98347393     18.98347393     18.98347393     18.98347393     18.98347393     18.98347393     18.98347393     18.98347393     18.98347393     18.98347393     18.98347393     18.98347393     18.98347393     18.98347393     18.98347393     18.98347393     18.98347393
bs76    19.09496226     19.09496226     19.09496226     19.09496226     19.09496226     19.09496226     19.09496226     19.09496226     19.09496226     19.09496226     19.09496226     19.09496226     19.09496226     19.09496226     19.09496226     19.09496226     19.09496226     19.09496226     19.09496226     19.09496226     19.09496226     19.09496226     19.09496226     19.09496226
bs77    19.22215685     19.22215685     19.22215685     19.22215685     19.22215685     19.22215685     19.22215685     19.22215685     19.22215685     19.22215685     19.22215685     19.22215685     19.22215685     19.22215685     19.22215685     19.22215685     19.22215685     19.22215685     19.22215685     19.22215685     19.22215685     19.22215685     19.22215685     19.22215685
bs78    19.31608858     19.31608858     19.31608858     19.31608858     19.31608858     19.31608858     19.31608858     19.31608858     19.31608858     19.31608858     19.31608858     19.31608858     19.31608858     19.31608858     19.31608858     19.31608858     19.31608858     19.31608858     19.31608858     19.31608858     19.31608858     19.31608858     19.31608858     19.31608858
bs79    19.39004987     19.39004987     19.39004987     19.39004987     19.39004987     19.39004987     19.39004987     19.39004987     19.39004987     19.39004987     19.39004987     19.39004987     19.39004987     19.39004987     19.39004987     19.39004987     19.39004987     19.39004987     19.39004987     19.39004987     19.39004987     19.39004987     19.39004987     19.39004987
bs80    19.5033228      19.5033228      19.5033228      19.5033228      19.5033228      19.5033228      19.5033228      19.5033228      19.5033228      19.5033228      19.5033228      19.5033228      19.5033228      19.5033228      19.5033228      19.5033228      19.5033228      19.5033228      19.5033228      19.5033228      19.5033228      19.5033228      19.5033228      19.5033228
bs81    19.5678184      19.5678184      19.5678184      19.5678184      19.5678184      19.5678184      19.5678184      19.5678184      19.5678184      19.5678184      19.5678184      19.5678184      19.5678184      19.5678184      19.5678184      19.5678184      19.5678184      19.5678184      19.5678184      19.5678184      19.5678184      19.5678184      19.5678184      19.5678184
bs82    19.64296258     19.64296258     19.64296258     19.64296258     19.64296258     19.64296258     19.64296258     19.64296258     19.64296258     19.64296258     19.64296258     19.64296258     19.64296258     19.64296258     19.64296258     19.64296258     19.64296258     19.64296258     19.64296258     19.64296258     19.64296258     19.64296258     19.64296258     19.64296258
bs83    19.77584519     19.77584519     19.77584519     19.77584519     19.77584519     19.77584519     19.77584519     19.77584519     19.77584519     19.77584519     19.77584519     19.77584519     19.77584519     19.77584519     19.77584519     19.77584519     19.77584519     19.77584519     19.77584519     19.77584519     19.77584519     19.77584519     19.77584519     19.77584519
bs84    19.86018157     19.86018157     19.86018157     19.86018157     19.86018157     19.86018157     19.86018157     19.86018157     19.86018157     19.86018157     19.86018157     19.86018157     19.86018157     19.86018157     19.86018157     19.86018157     19.86018157     19.86018157     19.86018157     19.86018157     19.86018157     19.86018157     19.86018157     19.86018157
bs85    19.93472371     19.93472371     19.93472371     19.93472371     19.93472371     19.93472371     19.93472371     19.93472371     19.93472371     19.93472371     19.93472371     19.93472371     19.93472371     19.93472371     19.93472371     19.93472371     19.93472371     19.93472371     19.93472371     19.93472371     19.93472371     19.93472371     19.93472371     19.93472371
bs86    20.05010367     20.05010367     20.05010367     20.05010367     20.05010367     20.05010367     20.05010367     20.05010367     20.05010367     20.05010367     20.05010367     20.05010367     20.05010367     20.05010367     20.05010367     20.05010367     20.05010367     20.05010367     20.05010367     20.05010367     20.05010367     20.05010367     20.05010367     20.05010367
bs87    20.14935023     20.14935023     20.14935023     20.14935023     20.14935023     20.14935023     20.14935023     20.14935023     20.14935023     20.14935023     20.14935023     20.14935023     20.14935023     20.14935023     20.14935023     20.14935023     20.14935023     20.14935023     20.14935023     20.14935023     20.14935023     20.14935023     20.14935023     20.14935023
bs88    20.22196719     20.22196719     20.22196719     20.22196719     20.22196719     20.22196719     20.22196719     20.22196719     20.22196719     20.22196719     20.22196719     20.22196719     20.22196719     20.22196719     20.22196719     20.22196719     20.22196719     20.22196719     20.22196719     20.22196719     20.22196719     20.22196719     20.22196719     20.22196719
bs89    20.32663968     20.32663968     20.32663968     20.32663968     20.32663968     20.32663968     20.32663968     20.32663968     20.32663968     20.32663968     20.32663968     20.32663968     20.32663968     20.32663968     20.32663968     20.32663968     20.32663968     20.32663968     20.32663968     20.32663968     20.32663968     20.32663968     20.32663968     20.32663968
bs90    20.45055096     20.45055096     20.45055096     20.45055096     20.45055096     20.45055096     20.45055096     20.45055096     20.45055096     20.45055096     20.45055096     20.45055096     20.45055096     20.45055096     20.45055096     20.45055096     20.45055096     20.45055096     20.45055096     20.45055096     20.45055096     20.45055096     20.45055096     20.45055096
bs91    20.47324361     20.47324361     20.47324361     20.47324361     20.47324361     20.47324361     20.47324361     20.47324361     20.47324361     20.47324361     20.47324361     20.47324361     20.47324361     20.47324361     20.47324361     20.47324361     20.47324361     20.47324361     20.47324361     20.47324361     20.47324361     20.47324361     20.47324361     20.47324361
bs92    20.55783634     20.55783634     20.55783634     20.55783634     20.55783634     20.55783634     20.55783634     20.55783634     20.55783634     20.55783634     20.55783634     20.55783634     20.55783634     20.55783634     20.55783634     20.55783634     20.55783634     20.55783634     20.55783634     20.55783634     20.55783634     20.55783634     20.55783634     20.55783634
bs93    20.68248718     20.68248718     20.68248718     20.68248718     20.68248718     20.68248718     20.68248718     20.68248718     20.68248718     20.68248718     20.68248718     20.68248718     20.68248718     20.68248718     20.68248718     20.68248718     20.68248718     20.68248718     20.68248718     20.68248718     20.68248718     20.68248718     20.68248718     20.68248718
bs94    20.79263881     20.79263881     20.79263881     20.79263881     20.79263881     20.79263881     20.79263881     20.79263881     20.79263881     20.79263881     20.79263881     20.79263881     20.79263881     20.79263881     20.79263881     20.79263881     20.79263881     20.79263881     20.79263881     20.79263881     20.79263881     20.79263881     20.79263881     20.79263881
bs95    20.89635456     20.89635456     20.89635456     20.89635456     20.89635456     20.89635456     20.89635456     20.89635456     20.89635456     20.89635456     20.89635456     20.89635456     20.89635456     20.89635456     20.89635456     20.89635456     20.89635456     20.89635456     20.89635456     20.89635456     20.89635456     20.89635456     20.89635456     20.89635456
bs96    21.08038501     21.08038501     21.08038501     21.08038501     21.08038501     21.08038501     21.08038501     21.08038501     21.08038501     21.08038501     21.08038501     21.08038501     21.08038501     21.08038501     21.08038501     21.08038501     21.08038501     21.08038501     21.08038501     21.08038501     21.08038501     21.08038501     21.08038501     21.08038501
bs97    21.14563488     21.14563488     21.14563488     21.14563488     21.14563488     21.14563488     21.14563488     21.14563488     21.14563488     21.14563488     21.14563488     21.14563488     21.14563488     21.14563488     21.14563488     21.14563488     21.14563488     21.14563488     21.14563488     21.14563488     21.14563488     21.14563488     21.14563488     21.14563488
bs98    21.23118204     21.23118204     21.23118204     21.23118204     21.23118204     21.23118204     21.23118204     21.23118204     21.23118204     21.23118204     21.23118204     21.23118204     21.23118204     21.23118204     21.23118204     21.23118204     21.23118204     21.23118204     21.23118204     21.23118204     21.23118204     21.23118204     21.23118204     21.23118204
bs99    21.45153811     21.45153811     21.45153811     21.45153811     21.45153811     21.45153811     21.45153811     21.45153811     21.45153811     21.45153811     21.45153811     21.45153811     21.45153811     21.45153811     21.45153811     21.45153811     21.45153811     21.45153811     21.45153811     21.45153811     21.45153811     21.45153811     21.45153811     21.45153811
bs100   21.59461663     21.59461663     21.59461663     21.59461663     21.59461663     21.59461663     21.59461663     21.59461663     21.59461663     21.59461663     21.59461663     21.59461663     21.59461663     21.59461663     21.59461663     21.59461663     21.59461663     21.59461663     21.59461663     21.59461663     21.59461663     21.59461663     21.59461663     21.59461663
